HG02461 HG02461 0.0689741 -0.0511891 0.0389949 -0.0209845 -0.0128822 -0.0102087 0.0167579 -0.0478301 0.0294933 0.0132593 GWD
HG02462 HG02462 0.0566124 -0.0363457 -0.0236055 0.0284262 -0.0537286 -0.0338461 0.00430584 -0.0251347 0.013401 0.056431 GWD
HG02464 HG02464 0.0584925 -0.0270024 -0.0256807 -0.0388346 -0.0240828 0.0704193 0.0479565 0.0587145 0.020015 0.0480952 GWD
HG02465 HG02465 0.0506717 -0.0320661 -0.00291443 0.0382504 -0.0691329 0.0532095 0.0399172 0.00215472 0.00957485 0.0395094 GWD
HG02561 HG02561 0.0548375 -0.0463705 0.00998378 0.0393463 -0.0240864 0.066626 0.00388607 0.0102631 -0.0149818 -0.0189499 GWD
HG02562 HG02562 0.0642285 -0.0238225 0.00628315 -0.0193089 0.00988166 0.0857959 0.0171995 0.0358278 0.00404825 -0.0110466 GWD
HG02568 HG02568 0.0564071 -0.0196586 0.00938811 -0.0358641 0.0122512 0.0420145 -0.0274318 -0.0429651 0.0462846 -0.00711359 GWD
HG02570 HG02570 0.0395778 -0.0155222 0.050144 -0.0411701 -0.0299442 -0.0154166 0.0578902 0.0665418 0.0132435 0.0433849 GWD
HG02571 HG02571 0.0876042 -0.0577357 -0.0191655 -0.00443328 5.10373e-05 0.0175934 0.0177041 0.0194206 -0.0417286 0.0554854 GWD
HG02573 HG02573 0.0634158 -0.0621988 0.00105882 -0.00538532 0.0118907 -0.0176917 -0.0393916 -0.0234037 -0.0432065 -0.0210512 GWD
HG02574 HG02574 0.0664493 -0.0442008 0.014926 -0.0109512 0.0180066 -0.00478243 0.0182179 -0.0475984 -0.0189785 -0.087463 GWD
HG02582 HG02582 0.0714248 -0.0404903 -0.0242408 0.0228269 0.0063074 0.014088 -0.0475956 0.0114712 -0.0326529 -0.0142612 GWD
HG02583 HG02583 0.0208628 -0.0411406 0.00805449 0.0425841 0.0544042 -0.00731141 -0.0358852 -0.0440395 -0.0366593 -0.0244554 GWD
HG02585 HG02585 0.0578243 -0.0344401 0.0406477 0.0146303 0.00153266 0.0347749 0.113908 0.0264684 -0.00352592 -0.0165507 GWD
HG02586 HG02586 0.0283147 -0.0502715 0.0107094 0.0208231 0.00613949 0.0231818 0.0356963 -0.0139957 0.0347146 0.0365617 GWD
HG02588 HG02588 0.0756729 -0.0161876 0.0239306 -0.00123463 -0.0296849 0.00988523 -0.0079796 -0.0116886 -0.00557562 -0.00555714 GWD
HG02589 HG02589 0.0599846 -0.0294489 -0.0316491 0.0226546 -0.0245996 0.0456144 -0.0410917 0.0128879 -0.0703618 -0.00413852 GWD
HG02594 HG02594 0.0711039 -0.0440627 0.0579661 0.0118286 -0.0094087 0.0497008 0.0810868 -0.00757858 0.0159899 -0.0124828 GWD
HG02595 HG02595 0.0424134 -0.00608379 -0.00161494 -0.0335801 0.026334 0.0698567 0.00945661 0.00839077 -0.0506811 0.0181194 GWD
HG02610 HG02610 0.0723711 -0.0474439 0.01318 -0.0286273 0.0650844 0.0177203 -0.0252457 0.0276568 -0.0267365 -0.0191697 GWD
HG02611 HG02611 0.0733698 -0.0493998 -0.00774533 0.0147041 -0.0930159 -0.0241575 0.00596794 -0.0294431 -0.0166959 0.0205995 GWD
HG02613 HG02613 0.05847 -0.026343 0.0635571 0.0250221 -0.00594759 -0.00380781 0.0223837 0.0478516 0.0100986 0.0324479 GWD
HG02614 HG02614 0.0363869 -0.03754 0.0120451 0.0541539 0.022331 0.000785733 0.0579063 0.0256624 -0.000351585 -0.0100154 GWD
HG02620 HG02620 0.0339371 -0.0117731 0.00185263 0.00025061 -0.0631202 -0.0190742 0.113498 0.0471041 0.0331374 -0.0207133 GWD
HG02621 HG02621 0.0639263 -0.0206922 -0.0509187 0.0237113 -0.0148486 0.0304038 -0.0034459 -0.0322867 -0.00276977 -0.00699421 GWD
HG02623 HG02623 0.0748911 -0.0322241 0.0054959 -0.00169251 -0.0164782 0.0370572 0.0400855 -0.0370191 -0.0450733 0.0721192 GWD
HG02624 HG02624 0.0711705 -0.0342635 0.0565872 -0.00381171 0.0241399 0.00307699 -0.0115875 0.0136588 -0.0224558 -0.0113249 GWD
HG02628 HG02628 0.0714378 -0.0470619 -0.0319382 0.0231461 0.0467414 0.0361448 0.0349908 -0.01144 -0.00951698 -0.0221763 GWD
HG02629 HG02629 0.0722651 -0.0592362 0.0123674 0.0212949 -0.0216111 0.0674441 0.0068605 -0.00986875 -0.0351682 -0.00298391 GWD
HG02634 HG02634 0.0495021 -0.0199172 -0.0481653 -0.0924433 -0.011096 0.0768675 -0.0338658 -0.107301 -0.0211134 -0.0338432 GWD
HG02635 HG02635 0.0439288 -0.0537288 0.0040816 0.0455596 0.00256941 -0.0110493 -0.0408204 -0.0086794 -0.0470916 0.0420626 GWD
HG02642 HG02642 0.0758938 -0.0454906 -0.0160251 0.0421173 -0.0040672 0.00617679 -0.0511825 -0.0543492 0.0546269 0.0694596 GWD
HG02643 HG02643 0.0602954 -0.0441575 0.0443725 -0.0089469 0.0322684 -0.0195339 0.0266895 -0.0183386 0.00859489 0.0137093 GWD
HG02645 HG02645 0.081296 -0.0445344 0.0271162 0.0156116 -0.0481781 0.0238778 0.0313941 -0.00763091 -0.00365644 0.0335548 GWD
HG02646 HG02646 0.0888507 -0.0604546 -0.010969 0.0036581 -0.0554522 0.0850851 -0.0455413 -0.0380671 -0.0663445 -0.0476288 GWD
HG02666 HG02666 0.0952539 -0.0487889 0.0295981 -0.00779143 -0.016555 0.0739276 0.0698391 0.00452219 0.0222155 -0.0215169 GWD
HG02667 HG02667 0.0747635 -0.0457397 0.0258464 -0.0481737 -0.0853024 0.0150846 -0.000818369 0.0151148 -0.0241254 0.0424526 GWD
HG02675 HG02675 0.0593976 -0.0185799 3.59369e-05 -0.0237356 -0.0102876 -0.0192858 -0.00239232 -0.0452827 0.00718608 0.00350544 GWD
HG02676 HG02676 0.0561213 -0.0541343 0.0124178 -0.0138813 0.0235814 0.0178508 -0.020923 -0.00179601 0.038925 0.0109057 GWD
HG02678 HG02678 0.0775948 -0.0490422 -0.0225447 -0.00458408 0.0108975 0.023899 0.0338262 0.0476183 0.0398102 0.0385799 GWD
HG02679 HG02679 0.0464614 -0.0296969 0.0513069 -0.000448831 -0.0133001 0.0190583 0.022121 0.015642 0.00323675 0.0779265 GWD
HG02702 HG02702 0.0553851 -0.00581883 0.0353441 0.0341938 -0.0859265 -0.0894114 0.0101224 -0.0141649 0.0290524 -0.0217164 GWD
HG02703 HG02703 0.084262 -0.0489993 -0.0423203 0.0333147 -0.0369745 0.0414885 -0.0291293 -0.028569 -0.0376036 -0.0218365 GWD
HG02715 HG02715 0.072743 -0.023733 0.0225775 -0.01312 -0.0132277 0.0452725 0.0154694 0.0225739 -0.00311563 0.0423432 GWD
HG02716 HG02716 0.0648715 -0.042385 0.0475609 0.0151261 0.010266 0.0633588 0.0152505 0.00859175 0.0226765 0.00549535 GWD
HG02721 HG02721 0.0624558 -0.0351969 -0.0414078 0.0293861 0.00752218 0.0461098 -0.0199887 -0.0309383 -0.0425352 0.00617677 GWD
HG02722 HG02722 0.0330551 -0.0135282 0.073529 -0.017681 -0.0192159 -0.00368956 0.0436909 0.0116276 -0.0387688 0.0375581 GWD
HG02756 HG02756 0.0555638 -0.0444194 0.0103842 0.0330911 -0.0496859 0.0197636 0.0411605 -0.00770081 0.03992 -0.0104095 GWD
HG02757 HG02757 0.0716269 -0.0462342 0.000833488 -0.0201927 0.0174403 0.0149187 0.0174782 0.0208592 -0.000111143 0.0535697 GWD
HG02759 HG02759 0.0706828 -0.036133 0.048509 0.00357572 0.0410231 0.00592297 0.00390822 0.00406515 0.0177632 0.0362922 GWD
HG02760 HG02760 0.0625155 -0.0156497 0.00509676 0.00164588 -0.0168051 -0.0204561 -0.0749773 0.015605 0.0258603 -0.0258072 GWD
HG02763 HG02763 0.0325162 -0.0389895 0.0304805 0.0241584 0.0404497 -0.0303871 -0.00921774 -0.105003 -0.00229214 0.0116503 GWD
HG02768 HG02768 0.0477767 -0.0164581 0.0239055 0.0179166 0.0440095 0.0354111 0.00909624 0.0103263 0.00575312 -0.00539301 GWD
HG02769 HG02769 0.0304897 -0.014503 0.0301103 0.0178687 0.000916042 0.0106649 0.000599909 -0.0546168 -0.000236162 -0.0221573 GWD
HG02771 HG02771 0.057596 -0.0283179 -0.0438673 0.052444 0.0189513 0.0398995 0.034125 -0.0123266 -0.0112241 -0.0125284 GWD
HG02772 HG02772 0.046947 -0.047523 -0.0400045 -0.00763514 -0.0780732 0.0249253 -0.0324896 -0.023132 0.0118293 -0.010418 GWD
HG02798 HG02798 0.0794136 -0.0284601 0.0600498 -0.0219707 0.0131982 0.0802497 0.0583143 0.0347775 0.0380209 0.0289201 GWD
HG02799 HG02799 0.0779315 -0.037662 -0.00890041 -0.0173361 -0.0202691 0.0121473 0.00322877 0.0565924 -0.0239395 0.00776299 GWD
HG02804 HG02804 0.0740379 -0.0400175 0.0170037 0.0422533 -0.0368394 -0.0580242 0.0707038 -0.0394951 0.0494192 0.0104193 GWD
HG02805 HG02805 0.0710875 -0.0618282 0.00330064 -0.0263999 -0.0232059 -0.011056 -0.00929317 0.0368743 0.0172644 -0.0122347 GWD
HG02807 HG02807 0.0413851 -0.0430933 -0.0191585 0.0187983 0.0414015 0.0485561 0.0502304 -0.0400684 0.0694163 -0.0196856 GWD
HG02808 HG02808 0.0576821 -0.0539902 -0.0268243 -0.0210664 0.0311641 0.0311245 0.0459038 0.0218158 0.00700416 -0.015898 GWD
HG02810 HG02810 0.0241333 -0.0256593 0.0259276 -0.0654521 0.0267846 0.0465845 -0.0689914 0.00232126 0.0421697 -0.0506231 GWD
HG02811 HG02811 0.0372316 -0.0608844 0.074547 -0.0345224 -0.0474772 0.0618923 0.0634529 0.000424671 -0.00377775 0.0406138 GWD
HG02813 HG02813 0.0809269 -0.0205648 0.00925718 -0.0152755 -0.0164464 0.034203 0.0108141 -0.0358405 -0.00673472 0.0163758 GWD
HG02814 HG02814 0.0636094 -0.0250995 -0.0200462 -0.038556 -0.0171904 -0.0577032 0.0326149 0.0481677 -0.0020712 0.0416411 GWD
HG02816 HG02816 0.0407003 -0.0538861 0.0516024 -0.0590398 -0.0185661 0.0527045 -0.0165671 0.0688125 -0.00286428 0.0389265 GWD
HG02817 HG02817 0.043534 -0.0516368 -0.057103 0.00118436 0.0273871 0.0120145 -0.0747879 -0.0164213 0.00352705 -0.00865883 GWD
HG02819 HG02819 0.0378294 -0.0289494 -0.0472638 0.00445812 0.0410061 -0.00131134 0.0151681 0.00352642 0.0133935 0.000132351 GWD
HG02820 HG02820 0.0343316 -0.0350728 -0.0381305 -0.00416553 -0.0497879 -0.0241922 0.0600892 0.0481605 0.0168229 0.0280761 GWD
HG02836 HG02836 0.0442773 -0.0054811 0.00790714 0.0144213 -0.00910096 -0.0476689 -0.0482491 -0.0608915 0.0243357 0.0551821 GWD
HG02837 HG02837 0.0561448 -0.0175992 0.0355902 0.0490979 -0.0662403 -0.0070955 -0.0622219 0.0293855 -0.000955551 -0.00763866 GWD
HG02839 HG02839 0.0552611 -0.0425029 -0.0129266 0.00853875 0.0439585 -0.0069367 0.0578344 -0.0115904 0.00678395 0.00443973 GWD
HG02840 HG02840 0.0552481 -0.0128536 0.0142571 -0.0596739 0.0102407 -0.0118379 -0.00439724 -0.019514 0.000847068 0.0277678 GWD
HG02851 HG02851 0.0207801 -0.0345051 -0.0566458 0.0172186 0.0454898 -0.00195636 -0.0524733 -0.0311647 0.00939197 -0.0177736 GWD
HG02852 HG02852 0.0530718 -0.0485427 -0.046288 0.090349 0.0244152 -0.00712385 0.00406239 -0.0367184 -0.0531395 0.0289967 GWD
HG02854 HG02854 0.0553195 -0.0152993 0.00415513 0.00864255 0.0450274 -0.0415118 0.0333809 0.00612222 -0.0665593 0.0488864 GWD
HG02855 HG02855 0.0727309 -0.0373353 -0.00333364 -0.0616824 0.0889235 -0.046554 -0.0144667 -0.0568076 0.0188784 -0.0138427 GWD
HG02860 HG02860 0.0228018 -0.0236073 0.0421394 -0.000321709 -0.00966693 0.0537882 -0.0338887 0.0102546 -0.0242238 0.0212132 GWD
HG02861 HG02861 0.0611866 -0.0188158 -0.0233411 -0.0253924 -0.0134184 -0.0564371 0.0662012 0.0350532 -0.00610321 0.00804281 GWD
HG02870 HG02870 0.0490792 -0.0305969 -0.0250176 0.0139263 0.0050592 -0.009451 0.00888907 0.00914529 0.0366573 -0.0200784 GWD
HG02878 HG02878 0.0821799 -0.0354603 0.0119867 0.0158785 -0.0435963 0.00367152 -0.00585588 -0.0262591 0.00505257 0.0234584 GWD
HG02879 HG02879 0.0493082 -0.0142485 0.0425591 0.0431089 0.0284856 0.0549681 0.0176042 -0.0226941 0.0519149 0.0188363 GWD
HG02881 HG02881 0.032964 -0.0149087 0.00397335 -0.0289634 -0.0351904 -0.0274535 0.0216467 -0.0137661 0.0349588 -0.012542 GWD
HG02882 HG02882 0.056909 -0.0330631 -0.00258598 0.0365177 -0.0459715 0.0106237 -0.0757887 0.0321324 -0.0188739 0.0606717 GWD
HG02884 HG02884 0.0331018 -0.028088 0.0274373 0.0304131 0.0349093 -0.0327127 -0.0234 -0.0703661 -0.0427277 -0.0331359 GWD
HG02885 HG02885 0.0437398 -0.0547388 0.0355039 -0.0180379 -0.045465 -0.00160458 0.0287045 -0.0297866 -0.00976089 0.0105917 GWD
HG02887 HG02887 0.0504863 -0.0382036 -0.0400208 0.0391154 -0.0330009 -0.0486074 -0.0776402 -0.0679006 -0.0139033 0.0226608 GWD
HG02888 HG02888 0.0672322 -0.0207337 0.0157458 -0.0303094 -0.0172968 -0.12535 -0.0206738 0.0110349 -0.000578686 0.0517613 GWD
HG02890 HG02890 0.052507 -0.0369741 -0.0111957 0.0644481 -0.0240598 0.0405204 -0.0785514 -0.0217209 0.0113276 0.0210272 GWD
HG02891 HG02891 0.041527 -0.0495145 0.00548349 0.0399499 -0.00509217 -0.00410869 0.026996 -0.0178702 0.0141409 -0.00134453 GWD
HG02895 HG02895 0.0574876 -0.0253962 -0.000793172 -0.0214318 0.0180546 -0.0567061 -0.00505898 0.0215272 0.000139261 0.0267355 GWD
HG02896 HG02896 0.0545802 -0.0387104 -0.00264493 0.0539288 0.046056 0.0250367 -0.0420728 -0.0223856 -0.00304537 0.0174635 GWD
HG02922 HG02922 -0.0211722 0.0554511 0.0601222 -0.08162 -0.031153 -0.00878748 -0.00882252 -0.00147376 -0.0524124 0.0566564 ESN
HG02923 HG02923 -0.0127224 0.0328388 0.0118483 0.0183107 -0.0284604 0.0415048 -0.0148995 -0.06473 0.0587165 0.0361238 ESN
HG02938 HG02938 -0.0297061 0.0508041 0.0273479 -0.00285338 0.0512096 -0.0507549 0.0261842 -0.0661163 0.00227729 0.0563699 ESN
HG02941 HG02941 -0.00708044 0.0170155 -0.026829 0.0493171 -0.0311216 -0.0244034 -0.0149941 -0.0267419 0.0100393 -0.086545 ESN
HG02943 HG02943 0.00400001 0.0425167 0.0128179 -0.0879562 -0.0211573 0.0283768 -0.00290701 -0.0561493 0.0548252 -0.0520792 ESN
HG02944 HG02944 0.00526584 0.0348611 -0.0371354 0.0670516 -0.0126594 0.0274554 -0.0549738 0.000548459 -0.0335503 0.102116 ESN
HG02946 HG02946 -0.018791 0.0240498 -0.0824993 -0.0399095 -0.0342163 0.0502292 -0.00916713 -0.0628109 0.040563 -0.0124494 ESN
HG02947 HG02947 -0.0194014 0.018231 -0.0357743 0.0255569 -0.0376023 -0.0251657 0.0310365 -0.0138635 -0.00842209 -0.0403374 ESN
HG02952 HG02952 -0.0034423 0.078625 0.0107335 0.0148331 -0.0130082 -0.0470261 0.0385585 0.0141217 0.0529414 0.100209 ESN
HG02953 HG02953 -0.0148914 0.0572624 0.0752377 -0.027033 -0.0153751 0.0152903 0.0385287 0.0440852 -0.00428315 0.0033501 ESN
HG02968 HG02968 -0.0162081 0.00721524 0.0854815 -0.0234298 -0.013358 0.0130834 -0.0144152 -0.000643261 -0.0250174 -0.00583164 ESN
HG02970 HG02970 -0.0115092 0.0336584 -0.0471122 0.0491402 0.0426438 -0.00149714 -0.000475248 -0.0140357 0.0412138 0.0880842 ESN
HG02971 HG02971 -0.00515221 0.0247735 0.0412663 -0.0225955 0.0471254 -0.046933 0.0179617 -0.0160911 -0.052928 0.0534141 ESN
HG02973 HG02973 0.0088909 0.0366818 -0.0225289 0.0310946 0.0658906 0.0998642 -0.00924949 0.0445934 0.0191054 -0.00105932 ESN
HG02974 HG02974 -0.0210552 0.0246083 0.00622555 0.0342276 -0.0358793 -0.021233 -0.0451635 0.0398049 0.000426828 0.0534126 ESN
HG02976 HG02976 -0.00356167 0.0799266 0.0321741 0.00654691 -0.0023875 -0.0139427 0.0146026 -0.0536988 -0.0331123 -0.000210783 ESN
HG02977 HG02977 -0.0352004 0.0661701 0.0458761 0.00325757 -0.151682 -0.103971 0.0966234 -0.0366389 0.0335029 0.0120456 ESN
HG02979 HG02979 -0.0391349 0.0398734 -0.0171186 0.00654421 0.00805744 0.0209091 -0.0219114 0.00347957 -0.0206674 0.0565732 ESN
HG02981 HG02981 -0.00950807 0.0496404 0.0122356 -0.0345598 -0.0313847 -0.00352098 8.92918e-05 -0.0120009 -0.0209096 0.0276583 ESN
HG02982 HG02982 0.0264157 -0.0452804 0.000401051 -0.0318224 -0.0485195 -0.00757511 -0.0292173 -0.00100808 -0.012933 0.00168639 GWD
HG02983 HG02983 0.054494 -0.0575074 0.0698463 -0.0714032 -0.0567612 0.0286057 0.0521028 0.00366922 0.00543682 0.000705859 GWD
HG03024 HG03024 0.0255488 0.00457378 0.0059998 0.0742199 -0.0917581 -0.0434658 0.00718491 -0.00943143 -0.0513017 0.0436881 GWD
HG03025 HG03025 0.0421226 -0.0425456 0.0233804 -0.0112854 -0.0220895 0.0197036 0.0107209 0.068308 -0.0101695 0.0242224 GWD
HG03027 HG03027 0.0432917 -0.0506575 0.0186731 0.0252561 -0.0433494 0.0483946 0.0256874 -0.00702211 0.0106321 0.0328069 GWD
HG03028 HG03028 0.0597857 -0.0413411 0.0804484 -0.0292786 -0.00718112 0.0344767 0.014399 -0.0265422 -0.000610255 -0.00933486 GWD
HG03039 HG03039 0.052415 -0.00913492 -0.0348471 -0.00483831 0.0570541 -0.000222995 0.0366286 0.102723 0.00627396 -0.000379025 GWD
HG03040 HG03040 0.0389826 -0.0198564 0.00652028 -0.0496417 -0.0136792 0.0538492 -0.0368511 -0.00921152 -0.0209444 -0.03436 GWD
HG03045 HG03045 0.0490672 -0.0494518 -0.0234236 -0.00546302 0.0085317 0.0246524 0.00324048 -0.0677365 -0.0273515 0.0104769 GWD
HG03046 HG03046 0.0609336 -0.015106 -0.0124771 0.056222 -0.0631659 0.0313061 -0.0552423 0.00680161 -0.0683694 -0.00906159 GWD
HG03048 HG03048 0.0694001 -0.0483681 -0.021691 -0.00708812 0.00800786 0.0346919 -0.0312438 -0.0224392 -0.00668596 0.0556237 GWD
HG03049 HG03049 0.0778461 -0.0380112 0.0595316 0.0369777 -0.0459623 0.0610277 -0.0124477 -0.0108922 0.0665544 -0.067031 GWD
HG03052 HG03052 0.0352633 -0.0137927 -0.037157 0.00766198 -0.0682841 -0.010181 -0.0649173 -0.00235183 -0.0380459 -0.0195217 MSL
HG03054 HG03054 0.0420686 0.00766471 0.0273645 0.00502961 -0.0191292 -0.0183761 -0.0209903 -0.00472361 0.0530879 0.0507857 MSL
HG03055 HG03055 0.0290258 0.00284972 -0.0258482 0.0277637 0.0435656 -0.00197649 -0.00467563 0.0499975 0.0921456 -0.00761974 MSL
HG03057 HG03057 0.0365497 -0.0173896 -0.069744 0.0347094 0.00616591 -0.053696 -0.00649927 0.0313952 -0.0113093 -0.0190952 MSL
HG03058 HG03058 0.0220382 0.0325022 0.0642607 -0.0194935 -0.00242777 -0.0157452 -0.010774 0.00399274 0.0229316 0.116356 MSL
HG03060 HG03060 0.024429 -0.00998128 0.015846 0.0392371 -0.00465554 -0.060137 -0.0317424 -0.0123766 -0.0232612 0.0639218 MSL
HG03061 HG03061 0.0337583 0.0217747 -0.00957945 0.0366576 -0.0153904 -0.0606263 0.0333806 -0.0449174 -0.0204426 -0.0663088 MSL
HG03063 HG03063 0.0363545 0.0086266 0.026694 0.049187 -0.0545172 -0.0109091 -0.0661187 -0.078836 0.0252875 -0.00349128 MSL
HG03064 HG03064 0.042138 -0.00387342 -0.00474547 -0.00017946 0.00794414 -0.0507739 0.00592119 0.0143869 -0.00649443 -0.0551373 MSL
HG03066 HG03066 0.00921557 0.0439546 -0.00945847 -0.0118586 -0.0129795 -0.0292524 0.035836 0.0410537 0.0966974 0.0687933 MSL
HG03069 HG03069 0.0416891 -0.0126056 -0.0113865 0.00292615 0.0368379 -0.0251951 0.0141762 0.0103906 0.0320655 0.00340327 MSL
HG03072 HG03072 0.0316079 0.0199307 -0.00223477 -0.0345244 0.0832663 -0.0828161 0.0634818 0.034309 -0.0168758 0.0305815 MSL
HG03073 HG03073 0.0381349 0.0359851 -0.0318576 0.0362541 0.0330716 -0.0474327 0.028062 -0.0417243 0.0389351 -0.00712437 MSL
HG03074 HG03074 0.0205648 0.0180948 -0.036196 -0.0786791 0.0680972 -0.0927564 -0.0140215 -0.03325 0.0602343 -0.0399825 MSL
HG03077 HG03077 0.0243442 0.0221888 0.0102233 -0.0776627 0.0203091 -0.0050853 -0.0716371 0.0607708 0.0221834 0.0224591 MSL
HG03078 HG03078 0.0307717 -0.0155823 0.0179021 0.0176728 0.0735165 -0.0458747 0.0451071 -0.0114947 0.0754105 -0.0496833 MSL
HG03079 HG03079 0.0106751 -0.0239963 -0.0141606 -0.0816398 0.00585686 -0.0534662 -0.0259064 -0.0498866 0.0574562 0.0235531 MSL
HG03081 HG03081 0.0046917 -0.022166 0.0181606 -0.0423838 -0.0845162 -0.0891082 -0.186221 0.0205547 -0.0702181 0.0166155 MSL
HG03082 HG03082 0.031689 0.0209193 -0.00301752 -0.0688374 -0.00315733 -0.0632805 -0.022672 0.0239079 0.0237298 -0.0333716 MSL
HG03084 HG03084 0.0596756 -0.0311358 0.000977546 -0.0105663 -0.0826597 -0.0422284 0.0171392 0.00235676 0.0275508 -0.0428831 MSL
HG03085 HG03085 0.0155969 0.000287935 -0.0904562 0.0165275 -0.000923395 -0.0704752 -0.0466038 0.0609997 -0.0294111 0.00858937 MSL
HG03086 HG03086 0.0292888 0.000735753 0.0272811 0.026753 -0.0484488 0.0149096 -0.0520329 -0.0134385 0.0701317 0.0376115 MSL
HG03088 HG03088 0.0200038 0.00492926 0.0715937 -0.0338651 0.00225499 -0.0122537 0.043377 -0.010805 0.0119068 -0.0539618 MSL
HG03091 HG03091 0.0234056 0.00404638 0.063711 -0.0367922 -0.00146238 -0.0888411 -0.0076326 -0.0102072 -0.0287188 -0.0483058 MSL
HG03095 HG03095 0.053823 -0.0182158 -0.00749579 0.0412352 0.0230284 -0.0949916 0.0253681 -0.0203771 0.0359467 -0.00919329 MSL
HG03096 HG03096 0.0465575 -0.0105546 -0.0392666 0.0328541 0.0398661 -0.0241842 -0.00960669 -0.0192595 0.0381649 -0.0198837 MSL
HG03097 HG03097 0.040319 0.0155059 -0.0424246 -0.0300794 0.0804255 -0.037711 0.00645832 -0.0133011 0.0291236 0.0380734 MSL
HG03099 HG03099 0.00971989 0.0697427 0.0122537 -0.0775875 0.00579553 -0.00361352 0.00597529 0.00192905 0.0252569 -0.0303343 ESN
HG03100 HG03100 -0.000426613 0.0245196 -0.0507787 -0.0671054 0.000184652 0.0552262 -0.137912 0.000466483 -0.0359079 -0.0521243 ESN
HG03103 HG03103 -0.0154579 0.0987861 0.100871 -0.00489995 0.0502357 0.0380335 -0.013968 0.0150201 0.0217725 0.115279 ESN
HG03105 HG03105 -0.0288268 0.0759604 0.0628409 0.0461907 -0.0303324 0.0382576 -0.0130759 0.0227604 0.0316822 0.0827593 ESN
HG03108 HG03108 0.00749189 0.0568569 0.043691 0.0152922 -0.0292749 0.0355968 -0.0027276 -0.0243138 -0.0436119 0.0586112 ESN
HG03109 HG03109 -0.00207754 0.0140256 0.0293731 -0.0433357 -0.0387618 0.0290438 -0.0687299 -0.0441225 0.0169552 0.0418819 ESN
HG03111 HG03111 -0.0318596 0.062286 0.0202363 0.0675509 0.0212836 -0.00107506 0.024568 0.0744856 0.0459806 0.0852939 ESN
HG03112 HG03112 -0.00887725 0.0671702 -0.0171858 0.0845005 -0.0467747 -0.0490331 -0.0497787 -0.0639279 0.0768121 0.0186143 ESN
HG03114 HG03114 0.000116997 0.0355904 -0.080982 -0.0347886 0.0113293 0.0153111 0.0194554 0.0145936 0.0164471 -0.0152544 ESN
HG03115 HG03115 0.0118138 0.0716042 0.0472894 0.0130649 -0.0674926 0.0843751 0.0125824 -0.0533175 0.0534372 -0.00510165 ESN
HG03117 HG03117 -0.0223061 0.0700597 -0.0402892 0.0596899 -0.0160082 0.00628306 0.0399817 -0.040467 -0.00456809 -0.0289216 ESN
HG03118 HG03118 -0.00912556 -0.00199787 -0.0232424 0.0195769 0.0276521 0.0383344 0.0269583 0.0278052 0.0476268 -0.0426626 ESN
HG03120 HG03120 -0.00277162 0.0190961 -0.00512292 -0.0478733 -0.0717029 0.0350309 -0.0339462 0.00156301 -0.0453048 -0.0171281 ESN
HG03121 HG03121 -0.0112364 0.07916 -0.00813961 -0.0230162 -0.0431033 -0.0133013 -0.0345708 -0.0915335 0.083285 -0.0151756 ESN
HG03123 HG03123 -0.0258413 0.0628397 0.0235087 0.0423519 0.0350092 0.0811059 -0.0458392 -0.0181979 -0.028948 -0.00505676 ESN
HG03124 HG03124 -0.026732 0.0260696 0.0202568 0.00490368 -0.0286854 0.0599456 -0.0107817 -0.0755317 -0.0581103 -0.0168945 ESN
HG03126 HG03126 0.00125094 0.0406224 0.0167017 -0.0675821 -0.0195392 0.0371361 -0.0251352 -0.0214088 0.083019 0.00154912 ESN
HG03127 HG03127 -0.0266125 0.0428171 -0.0327477 0.0112312 -0.0175336 0.001815 -0.0295751 0.0131377 0.0125854 0.0159224 ESN
HG03129 HG03129 -0.0219417 0.0788701 0.0994207 0.0324339 -0.0205772 -0.0138269 0.0696989 -0.0434706 0.0836678 0.0752981 ESN
HG03130 HG03130 0.0161534 0.0629756 -0.0599994 -0.0192987 0.00595644 0.112478 0.0292173 0.0207426 0.0182521 -0.0873811 ESN
HG03132 HG03132 -0.0112917 0.0265782 -0.0112106 -0.00565502 0.0144536 0.00874519 -0.011929 -0.0395418 0.0480222 -0.0278236 ESN
HG03133 HG03133 0.00212999 0.0536135 -0.00968002 0.0310495 -0.0386995 0.0326667 0.00916443 0.0117511 -0.0218235 0.00814919 ESN
HG03135 HG03135 -0.0141708 0.0383987 0.0456248 0.0106909 -0.020533 0.00807348 -0.0287096 0.0369145 0.0446953 -0.0510964 ESN
HG03136 HG03136 -0.017689 0.0818464 -0.0888084 0.00995279 -0.0216887 0.0334569 -0.0563364 -0.0499209 -0.00892612 0.00970449 ESN
HG03139 HG03139 -0.02102 0.0525431 -0.0266158 -0.00868885 0.0766955 -0.0358854 -0.0177747 0.0665843 0.00732275 -0.0517064 ESN
HG03157 HG03157 -0.0308685 0.0366009 -0.00340027 0.0223234 -0.0769167 -0.0443306 0.0200011 0.0002102 0.0161731 -0.00214543 ESN
HG03159 HG03159 -0.0112347 0.0290108 0.0810276 0.0244361 -0.0525745 0.0255547 0.0294278 -0.0128502 0.0694502 0.0191259 ESN
HG03160 HG03160 -0.0144048 0.0394292 0.022786 -0.0478063 0.0455605 0.00675616 0.0189479 -0.0128305 0.0153021 0.0125399 ESN
HG03162 HG03162 -0.0287096 0.04418 0.0495466 0.0131415 -0.0124688 0.0256156 0.0230409 -0.00468376 0.0292468 0.0875535 ESN
HG03163 HG03163 -0.0269402 0.047286 0.00245897 -0.0382552 -0.0173458 -0.0407086 -0.0459168 -0.0123008 0.0514033 -0.0423091 ESN
HG03166 HG03166 -0.0148536 0.0490254 0.0809931 -0.0421766 -0.0404731 -0.0170678 -0.0599914 0.00677532 -0.115205 0.0480967 ESN
HG03168 HG03168 -0.001723 0.0613023 0.033249 -0.034233 0.0244028 -0.00147335 0.00800674 -0.000888301 -0.0689162 0.0318099 ESN
HG03169 HG03169 -0.02801 0.0461777 0.0803915 -0.0759845 0.0155194 -0.0280781 0.0483376 -0.0326796 0.0122519 0.0155108 ESN
HG03172 HG03172 -0.0276834 0.0455227 0.0815201 0.109916 0.00579521 0.054865 0.00952004 -0.133795 -0.0848111 0.0351331 ESN
HG03175 HG03175 -0.0127585 0.114623 -0.000205705 -0.0096509 0.00571926 0.00651393 0.000900012 0.0807508 0.0486024 0.0073654 ESN
HG03189 HG03189 0.00227561 0.0271791 0.00265547 0.0300949 -0.048764 -0.0128768 -0.0510604 -0.0966825 0.00148689 -0.0650737 ESN
HG03190 HG03190 -0.00498754 0.0667405 0.0244718 -0.00135377 -0.0738133 0.00599956 -0.0136559 -0.00905093 0.0145691 0.0403226 ESN
HG03193 HG03193 -0.0161526 0.0513978 0.0345596 0.026436 -0.000153757 0.0246023 0.00997989 0.0194404 -0.03803 0.0431744 ESN
HG03195 HG03195 -0.0192746 0.071724 0.0295405 -0.00399501 -0.0288736 -0.0203938 0.061119 0.0276711 0.0212507 0.0245743 ESN
HG03196 HG03196 -0.0152412 0.0543248 -0.0593366 0.025044 0.0754694 0.0673069 -0.0687336 -0.00796197 0.0295128 0.0739766 ESN
HG03198 HG03198 -0.0158056 0.0684705 -0.0118108 -0.0924779 0.0466481 -0.0237223 -0.0472375 0.0632058 -0.0294531 0.067038 ESN
HG03199 HG03199 -0.0298256 0.0535576 -0.0174201 0.0314067 -0.0195962 0.0605843 -0.035502 -0.00242133 0.0739799 -0.0511121 ESN
HG03202 HG03202 -0.0443585 0.082435 0.0311317 0.120321 0.114794 0.00991627 0.0363027 -0.0113393 0.00453311 0.00802358 ESN
HG03209 HG03209 0.0203902 -0.00860379 -0.0877666 0.0921892 0.0542587 -0.0761445 0.0476131 0.00846637 -0.0216862 -0.01107 MSL
HG03212 HG03212 0.0479935 0.00426556 -0.0452167 -0.142427 0.0153391 -0.0973685 -0.0296102 -0.0534447 0.0335948 -0.0776405 MSL
HG03224 HG03224 0.0286642 -0.0133085 -0.00174032 -0.0394234 0.0795622 -0.00295142 0.0735688 0.0329068 0.0458493 -0.00482595 MSL
HG03225 HG03225 0.0178667 0.000102961 0.0177653 0.0365864 0.0533755 -0.050336 0.0302488 0.0771571 -0.00243013 0.0250395 MSL
HG03240 HG03240 0.0484112 -0.0248166 0.0158517 0.0411274 -0.0278967 -0.0193882 -0.0018334 -0.0426765 -0.00205995 -0.000218951 GWD
HG03241 HG03241 0.0531365 -0.0144318 -0.0767898 0.00575326 -0.0504522 -0.056363 0.035057 0.011392 -0.0279622 0.0519802 GWD
HG03246 HG03246 0.0539345 -0.0492675 -0.0146482 0.0589787 0.048749 0.0225285 0.0583543 -0.0311676 -0.0320847 0.0309318 GWD
HG03247 HG03247 0.0673073 -0.0378157 0.0160449 0.0348847 -0.0121346 0.0498151 0.0203206 -0.00327077 0.0204331 0.0442658 GWD
HG03258 HG03258 0.0804364 -0.0552181 0.0262484 -0.0107335 -0.0207858 0.0564984 0.00614049 -0.00316238 0.0357835 0.0180154 GWD
HG03259 HG03259 0.0654806 -0.0383148 -0.00599227 0.0129052 0.0353265 0.0423359 -0.0375324 0.0340476 0.00856891 0.0155555 GWD
HG03265 HG03265 -0.00249983 0.0706247 0.00763962 0.0535595 -0.0438685 0.0615445 -0.0257562 0.0239417 -0.0332121 0.0330164 ESN
HG03267 HG03267 -0.00212535 0.0431267 -0.00656425 -0.0222714 -0.0442987 -0.0108276 -0.0465627 -0.0727922 -0.0701472 -0.056153 ESN
HG03268 HG03268 0.00552559 0.0242897 -0.0240656 0.0181783 -0.0666324 0.0075385 -0.0371886 0.00382625 0.00315723 -0.00711741 ESN
HG03270 HG03270 -0.0266018 0.0538732 0.0744916 0.102264 0.0788312 -0.00940341 0.0159185 -0.0787649 -0.0563814 -0.0445607 ESN
HG03271 HG03271 -0.0460523 0.0669444 0.0304266 -0.00876821 0.0213417 -0.00468829 0.0752053 0.0300071 -0.00264836 0.0605986 ESN
HG03279 HG03279 -0.0312909 0.0671374 0.0589469 -0.0102022 -0.0600279 -0.0129221 0.04794 -0.096033 0.0161526 -0.0594639 ESN
HG03280 HG03280 -0.00801432 0.0532597 -0.0112878 -0.0151543 -0.0480087 0.00398355 -0.0846123 0.0689146 -0.111593 -0.0218023 ESN
HG03291 HG03291 -0.0104325 0.0728469 0.0269533 -0.00104861 -0.0875841 -0.0340989 -0.046641 -0.0565353 -0.0960685 -0.0515279 ESN
HG03294 HG03294 -0.00521841 0.0206072 0.0202022 -0.0691745 -0.0333006 0.00959595 0.0509654 0.0746413 -0.0282339 0.0309758 ESN
HG03295 HG03295 -0.0143161 0.0364242 0.0329789 -0.000452475 0.0370977 0.0312543 -0.0265502 -0.137652 -0.027896 -0.000804265 ESN
HG03297 HG03297 -0.0470694 0.0314969 0.0578788 -0.0194366 -0.0110242 0.00479121 0.011359 -0.0197093 0.0349273 0.0732558 ESN
HG03298 HG03298 -0.00745662 0.0405942 0.0371754 0.0559551 0.0526157 -0.0084013 -0.071515 -0.084552 -0.00569883 -0.0167042 ESN
HG03300 HG03300 -0.00566491 0.0258967 0.049083 -0.0467805 0.0196466 0.0137717 -0.0110647 0.0120028 0.0309452 0.0447012 ESN
HG03301 HG03301 -0.012789 0.0299734 -0.0121229 0.00848748 -0.0126519 -0.00344233 -0.0328039 0.029018 -0.0378211 -0.010176 ESN
HG03303 HG03303 0.0219817 0.0526189 -0.048599 0.0574737 0.0341304 0.0660667 -0.000116743 0.051473 0.0200989 0.0028347 ESN
HG03304 HG03304 -0.00862581 0.00967128 0.0320107 0.0528279 -0.0118655 -0.0187975 0.0219519 0.0398732 0.0287598 -0.00955538 ESN
HG03311 HG03311 -0.0100809 -0.00325831 -0.0239876 -0.0389955 0.0139723 -0.00228814 -0.07307 -0.0167875 0.0232686 0.0531729 ESN
HG03313 HG03313 -0.0162579 0.0311959 -0.0458752 -0.0278301 0.04375 -0.0244888 -0.00989206 0.0613182 0.0576073 0.01275 ESN
HG03342 HG03342 -0.00171879 0.0393644 -0.0300924 0.0109531 0.00789833 -0.0545005 0.0121516 -0.0598342 -0.0352339 -0.0441434 ESN
HG03343 HG03343 -0.0133628 0.0558269 0.112606 -0.00404851 0.056301 0.00312048 0.0279103 -0.0702965 0.0210899 0.0126698 ESN
HG03351 HG03351 -0.0275849 0.0387616 -0.0119566 -0.0340821 -0.0328062 0.0391465 0.0244728 -0.00169672 -0.00434613 -0.00613284 ESN
HG03352 HG03352 -0.0214021 0.0425883 0.0119029 0.0137121 -0.0123514 0.00908444 0.0237892 -0.0532338 0.0167168 -0.0135209 ESN
HG03354 HG03354 0.00111065 0.0137525 -0.0376371 -0.0299006 -0.0598928 0.0351994 0.0550031 0.0223605 -0.0146468 -8.4119e-06 ESN
HG03363 HG03363 -0.0271875 0.0097176 -0.000524538 0.0238129 0.0147191 0.0339729 -0.00943296 0.0156426 0.0246459 -0.00593138 ESN
HG03366 HG03366 -0.0403926 0.039273 -0.0109166 0.015854 0.00605267 -0.0033691 -0.0198398 -0.0531383 0.0281715 -0.0234659 ESN
HG03367 HG03367 -0.0130145 0.0591672 -0.00577923 0.000842899 -0.015917 -0.0201895 0.0738321 -0.00470662 0.0257594 0.00105926 ESN
HG03369 HG03369 0.00625987 0.0280821 -0.0358136 0.0506837 -0.00831994 -0.0551905 -0.0753748 -0.029806 0.0117848 -0.044251 ESN
HG03370 HG03370 -0.019983 0.0364229 0.0178268 0.0678477 0.0100909 0.0742597 0.0502877 -0.0102077 0.0196633 0.0183974 ESN
HG03372 HG03372 0.00217844 0.02659 -0.0487205 0.0650766 0.0943694 -0.0137578 0.0704974 0.04276 -0.0272619 -0.00194415 ESN
HG03376 HG03376 0.0325117 0.02106 -0.0136201 0.0182728 -0.0226885 -0.0754599 -0.0183454 0.0240484 0.0481315 -0.0501875 MSL
HG03378 HG03378 0.0351609 0.0103628 0.0214965 -0.0187232 -0.0290162 -0.0582262 -0.0184499 -0.0201397 0.0919193 0.00347641 MSL
HG03380 HG03380 0.0132686 0.00817806 -0.045767 0.00417998 -0.10627 -0.0889792 -0.00604664 0.014146 0.0468409 1.4768e-05 MSL
HG03382 HG03382 0.0269196 0.00714397 0.0133369 0.0226253 0.0212741 -0.020517 0.00364104 -0.0427758 0.0423764 -0.037631 MSL
HG03385 HG03385 0.00798669 0.00884708 -0.0304829 0.0420658 0.112808 -0.100414 0.0246115 -0.00457542 -0.0150157 -0.0424024 MSL
HG03388 HG03388 0.0406781 -0.011115 -0.00802373 -0.0352779 -0.0102013 -0.0561762 -0.0459648 0.00341353 -0.00811022 0.0238828 MSL
HG03391 HG03391 0.0315183 0.0179413 0.021899 -0.0480688 0.0739752 -0.08108 0.0535171 -0.00640981 0.00777582 0.0407346 MSL
HG03394 HG03394 0.00523722 0.008574 0.0447282 0.0830115 0.0725056 -0.022397 0.0243143 0.0385418 -0.0446656 0.0270314 MSL
HG03397 HG03397 0.0437041 -0.0149473 -0.0368533 -0.00392956 -0.025551 -0.0329089 0.0419469 0.0182541 0.0368959 0.0360517 MSL
HG03401 HG03401 0.0140323 -0.0505036 0.0206466 -0.0337721 0.0608399 0.00138933 0.0514056 0.0491457 0.013601 -0.0156686 MSL
HG03410 HG03410 0.0455962 -0.00572844 -0.0255488 -0.00236208 -0.0355489 -0.0399658 0.0157721 -0.0706488 0.0985948 -0.104432 MSL
HG03419 HG03419 0.0236568 0.000343783 -0.0050648 -0.00678262 0.021055 -0.0639215 0.0555084 -0.0225353 -0.0230812 -0.00893111 MSL
HG03428 HG03428 0.0469485 0.00618789 -0.0374316 0.040389 0.0253562 -0.0586609 -0.00509004 0.0410202 -0.106357 -0.020081 MSL
HG03432 HG03432 0.0217653 0.00287256 -0.0906583 0.0619961 0.0417299 0.0450663 0.0184165 0.0654964 -0.0151349 -0.014951 MSL
HG03433 HG03433 0.0699781 0.00217762 0.00104337 0.0237425 0.0455585 -0.0765426 -0.00792872 -3.50305e-05 -0.000122735 -0.0506889 MSL
HG03436 HG03436 0.0172286 0.0394649 0.0711932 0.00173009 0.0419611 -0.0523959 0.100095 0.0222186 -0.0241293 -0.0147151 MSL
HG03437 HG03437 0.0449182 -0.0179262 -0.0290791 0.0484709 0.0429328 0.00473919 0.023199 0.0167628 -0.00487168 -0.0971406 MSL
HG03439 HG03439 0.0366907 0.0153964 -0.0263914 -0.0343088 0.00349497 0.00390639 -0.0166079 0.0208831 0.0603066 -0.0673295 MSL
HG03442 HG03442 0.0459385 0.034192 -0.0288479 0.00945812 -0.0608435 -0.0854246 -0.0141848 0.048039 0.0152602 -0.0692344 MSL
HG03445 HG03445 0.0267925 0.00436388 0.0347348 -0.0687479 0.0107774 -0.00834289 -0.0282548 0.0557467 -0.0881933 -0.0788384 MSL
HG03446 HG03446 0.0206352 0.000881508 0.00431907 -0.123241 -0.00657869 -0.0525073 -0.055206 0.0729699 -0.0705573 -0.0111336 MSL
HG03449 HG03449 0.0388044 -0.0122344 0.0211635 -0.0145457 -0.0269968 -0.0157185 0.0131542 0.0682152 -0.0391832 -0.000847903 MSL
HG03451 HG03451 0.0164868 0.0270159 -0.0574956 -0.0282748 0.0472195 -0.0370608 0.0149797 -0.00725497 -0.0133596 -0.022185 MSL
HG03452 HG03452 0.0490844 -0.00800048 -0.00121598 0.0627257 0.0136454 0.0163901 -0.0319905 -0.0105416 -0.0808771 0.0563109 MSL
HG03455 HG03455 0.0235253 0.018893 0.0542022 -0.0911022 0.0783894 0.0147039 -0.0288381 0.0301193 -0.0308731 -0.0187812 MSL
HG03457 HG03457 0.0391057 -0.0214274 -0.0456701 -0.0341978 0.00332109 -0.0505657 -0.0156544 0.0274194 -0.0219431 0.0112423 MSL
HG03458 HG03458 0.0307893 -0.0141429 -0.0873948 0.0179157 0.00583924 -0.0714486 0.0380658 0.032822 -0.0142194 -0.0242114 MSL
HG03460 HG03460 0.0323342 -0.000967066 0.0161425 -0.0273833 0.000516174 -0.0872294 0.0670362 0.0532459 0.034901 -0.0362547 MSL
HG03461 HG03461 0.00727486 -0.00334599 -0.0128994 0.0209139 0.0323468 0.00197261 0.0289351 -0.0100612 -0.0382814 -0.0343241 MSL
HG03464 HG03464 0.0588614 -0.0186135 -0.0308445 -0.100834 0.149558 0.00880622 -0.0714734 -0.0707315 0.0248717 0.00164176 MSL
HG03469 HG03469 0.0391995 -0.000952246 -0.0469679 -0.0217433 -0.00274529 -0.0280317 -0.0245379 -0.00622015 0.00911847 0.00695836 MSL
HG03470 HG03470 0.037186 -0.00391628 -0.0526307 0.0212983 0.00275433 -0.065943 -0.0273097 0.0421091 -0.0379752 0.00847911 MSL
HG03472 HG03472 0.0450471 -0.0425111 -0.00511067 0.0599086 -0.0123132 0.0161585 -0.0264839 0.0164016 0.0344363 -0.0508913 MSL
HG03473 HG03473 0.04225 0.0154288 0.0160063 -0.0103236 0.00111363 0.0155521 -0.0316203 -0.00269633 -0.0380094 0.0372864 MSL
HG03476 HG03476 0.0359496 0.0309026 0.0409952 -0.053128 0.0462729 -0.0684649 0.0469173 0.0129287 -0.00384141 0.00790324 MSL
HG03478 HG03478 0.0255029 -0.00854407 0.00200174 0.0331976 -0.0275843 -0.00222753 0.0251878 -0.00708197 -0.0314181 -0.0443273 MSL
HG03479 HG03479 0.0265696 0.00977261 -0.0480229 -0.0590271 0.0373598 -0.0146351 -0.0552701 -0.0584853 0.0507579 -0.0407668 MSL
HG03484 HG03484 0.0376705 0.00203834 -0.0170613 -0.134859 0.204606 0.0132954 -0.0586056 -0.0664628 0.00850126 -0.0504785 MSL
HG03485 HG03485 0.048047 0.0250571 -0.00445336 -0.0134029 -0.0054701 -0.066359 0.0706155 0.0274369 0.0261569 -0.0441002 MSL
HG03499 HG03499 -0.0123985 0.0394453 0.0443098 0.0462366 -0.0192668 -0.0229497 -0.000757282 -0.0446508 -0.0556441 0.00202086 ESN
HG03511 HG03511 -0.020331 0.055748 -0.02125 0.02493 -0.061897 -0.0276651 -0.0168908 0.0537743 -0.0256538 -0.0246458 ESN
HG03514 HG03514 -0.0102789 0.0427751 0.00187894 0.00426086 -0.0162786 0.02703 -0.0149264 -0.00704161 -0.108134 -0.0135061 ESN
HG03515 HG03515 -0.0329985 0.0467892 0.0836278 0.0239429 0.048895 -0.0226778 -0.00289958 -0.0895425 -0.0386709 -0.0175169 ESN
HG03517 HG03517 -0.0257414 0.0879499 -0.0912803 -0.0603632 -0.0228263 -0.00869923 0.0188798 0.0339472 -0.0374456 -0.0182096 ESN
HG03518 HG03518 -0.0203004 0.0106249 -0.00260017 0.0229791 0.0445631 0.0267637 0.0203678 0.0223892 -0.0155114 -0.0217892 ESN
HG03520 HG03520 -0.0314928 0.0760858 0.0201119 -0.0574072 0.00180041 -0.00786658 -0.00404053 0.0372938 0.0664976 -0.0618435 ESN
HG03521 HG03521 0.0146443 0.00628987 -0.00859617 0.00574998 -0.025753 -0.0217327 0.0330537 0.0104943 0.00482775 0.0146268 ESN
HG03538 HG03538 0.0342812 -0.0167043 0.0368201 0.021021 0.00262914 0.0347883 0.00596052 -0.00204792 0.0192062 -0.0313295 GWD
HG03539 HG03539 0.0516083 -0.0564282 -0.0154165 -0.0142976 -0.0355213 0.0740348 -0.0717305 -0.0207936 -0.0489078 0.00736522 GWD
HG03547 HG03547 0.0411052 0.00953464 0.0576232 -0.0979093 0.00907159 -0.0632304 0.0162154 -0.00817334 -0.0229554 0.00624921 MSL
HG03548 HG03548 0.0235038 0.0196797 -0.0552412 -0.0735093 0.0379577 -0.0759873 -0.0317259 -0.0463708 0.036378 0.0329252 MSL
HG03556 HG03556 0.0325053 0.000677891 -0.0365093 -0.021134 0.05243 -0.0154195 0.027519 0.00395249 0.00803745 -0.0309059 MSL
HG03557 HG03557 0.0188523 0.0158148 -0.0010907 -0.0882451 0.0157773 -0.0661146 0.00971008 0.034922 -0.077063 0.0290347 MSL
HG03558 HG03558 -0.00032711 -0.00731566 -0.00834181 -0.00189039 -0.00507736 -0.0568185 -0.0167175 -0.0286377 0.000439619 0.0824604 MSL
HG03559 HG03559 0.0201058 0.00769549 -0.0876988 0.00399786 0.0602933 -0.0870242 -0.0754992 0.0156092 -0.00577436 0.0222799 MSL
HG03563 HG03563 0.0349755 -0.0146019 -0.0415936 -0.020446 0.0255958 0.00163869 0.0463092 0.106691 0.0236628 -0.015508 MSL
HG03565 HG03565 0.0291985 0.00508777 -0.0396683 -0.0231809 0.0201301 -0.0660842 -0.0248145 -0.0724916 0.00915988 -0.0460532 MSL
HG03567 HG03567 0.00911989 0.00502737 -0.00814435 -0.0724184 0.0398052 -0.0121251 0.0249775 0.041316 0.0457345 0.0291376 MSL
HG03571 HG03571 0.0186445 0.0181354 -0.0607067 0.018748 0.0226716 -0.064056 -0.0293328 -0.0725901 0.0824409 -0.0410773 MSL
HG03572 HG03572 0.00474106 0.00956237 0.0477209 -0.0159673 0.0130514 -0.143778 -0.00100294 0.0692096 -0.0181339 0.0379168 MSL
HG03575 HG03575 0.0417866 -0.00986812 0.0480002 -0.0546788 0.0175757 -0.0370754 0.0456645 0.00820088 -0.0144306 -0.050331 MSL
HG03577 HG03577 0.0226244 -0.00724423 -0.0128595 -0.0676193 0.0173063 -0.0740279 0.0372484 -0.00753188 0.0292349 0.0366574 MSL
HG03578 HG03578 -0.00529282 0.00892209 0.0234585 -0.06147 0.00338703 -0.115683 -0.0517085 0.0195211 -0.0349776 -0.00417761 MSL
HG03583 HG03583 0.0244738 0.0140215 -0.00388165 -0.0204286 0.00545362 -0.0448383 -0.0184239 0.0449349 -0.00577432 0.0267433 MSL
NA18486 NA18486 -0.00732368 0.0679109 -0.0390034 -0.0567385 -0.000355075 0.0524839 -0.0649257 0.0576876 -0.0652276 -0.0328988 YRI
NA18488 NA18488 -0.0149842 0.0296576 0.0317098 0.00839102 -0.039104 0.0599329 0.0774278 0.0385247 -0.0223711 0.0379936 YRI
NA18489 NA18489 -0.0200495 0.00560387 0.046245 -0.0500985 0.00630499 0.0364166 -0.0906921 0.0511098 -0.00908664 0.0330939 YRI
NA18498 NA18498 -0.00106342 0.0349073 -0.0380706 0.0107071 0.00511461 0.0292354 0.0126441 -0.00429967 0.0428586 -0.019553 YRI
NA18499 NA18499 0.000223456 0.0247468 0.00669018 -0.0492412 0.0196058 0.0841524 -0.00513408 0.00560251 -0.000269554 -0.0409293 YRI
NA18501 NA18501 -0.0205298 0.00688787 -0.0389476 -0.0563326 -0.0239954 0.0555075 -0.0396312 0.0733156 -0.0562609 0.0313202 YRI
NA18502 NA18502 -0.00739031 0.0201029 0.0222885 0.00549424 0.0164903 0.0453852 0.000654587 0.00187268 0.0526413 -0.0265325 YRI
NA18504 NA18504 -0.000166368 0.0278683 -0.0332464 0.0521062 -0.0501127 0.0405948 -0.0168067 -0.0284269 -0.0711816 0.0424991 YRI
NA18505 NA18505 -0.03735 0.0904128 0.0413996 0.0617459 0.0720265 -0.0151819 0.0139068 -0.052422 0.107529 0.133904 YRI
NA18507 NA18507 0.007348 0.0692794 0.00978167 0.0269013 0.00901932 0.04291 0.0666331 0.0372389 -0.0156374 0.00128921 YRI
NA18508 NA18508 -0.0130827 0.0512045 0.0422627 0.0061257 0.0456471 0.00441539 0.0413039 -0.0298618 0.0205766 -0.0103846 YRI
NA18510 NA18510 0.0159765 0.032575 -0.0048723 0.0152014 0.0026929 0.0421611 0.0515759 0.0338116 -0.00916784 -0.0666716 YRI
NA18511 NA18511 -0.0247487 0.0513124 -0.00863378 0.106296 0.0738437 0.052083 0.0320023 0.0292973 -0.0824718 -0.0343448 YRI
NA18516 NA18516 -0.0362573 0.0186476 0.0326603 0.0111906 0.0180123 0.0324173 -0.0252857 -0.0642019 -0.0171687 0.0611361 YRI
NA18517 NA18517 -0.00495327 0.0305954 0.0386681 -0.00278404 0.020395 0.058613 0.0512565 0.012511 -0.0222051 -0.0529168 YRI
NA18519 NA18519 -0.0164446 0.0274643 -0.0319801 -0.0121558 -0.0290575 -0.0203425 -0.0191386 0.0585127 -0.145413 0.0095196 YRI
NA18520 NA18520 -0.013563 0.0439594 0.019095 -0.0166414 -0.0408162 0.0252378 -0.0279141 0.00789615 -0.024098 -0.0682549 YRI
NA18522 NA18522 -0.0243327 0.0265184 -0.0360825 0.0381039 -0.068244 0.00609455 0.0129732 0.0209625 0.00428244 0.0494435 YRI
NA18523 NA18523 0.00360309 0.0185161 -0.0270241 -0.0443438 -0.00388373 -0.040668 -0.0114414 0.00610049 -0.0141436 -0.0323831 YRI
NA18853 NA18853 -0.00425254 0.013049 0.00920851 0.00316731 -0.0369562 0.108051 -0.0456468 0.0525996 -0.0413692 0.00800722 YRI
NA18856 NA18856 0.000960833 0.00503725 -0.0537334 0.00495359 -0.0794097 -0.0753285 0.0281607 -0.011357 -0.0118889 -0.0273778 YRI
NA18858 NA18858 -0.0332416 0.0721065 -9.64866e-06 -0.037062 0.0433721 0.0176977 0.0338978 -0.0276859 0.0153777 0.0366038 YRI
NA18861 NA18861 -0.00190107 0.0423967 -0.0594507 -0.00757392 -0.0284626 0.0546643 0.0254608 0.0170673 -0.0148942 -0.0274778 YRI
NA18864 NA18864 0.0102569 0.0365501 0.0318581 0.0863561 -0.0362889 0.0361873 -0.0392476 0.0105046 0.00785208 0.01995 YRI
NA18865 NA18865 0.0154331 0.039447 -0.0179958 0.0703695 -0.00227988 -0.0312982 -0.0211536 0.0274894 0.0120237 -0.0529802 YRI
NA18867 NA18867 -0.0164983 0.0137669 0.0253329 0.0335745 0.0239995 0.0139965 0.0271041 -0.0251571 -0.103987 -0.0517708 YRI
NA18868 NA18868 -0.000229424 0.0285086 -0.107964 0.0258685 0.0363608 0.066926 0.00330576 0.0260751 0.0107203 0.00907496 YRI
NA18870 NA18870 -0.0134509 0.0756033 0.0117105 0.00654646 0.00361992 0.0224396 0.116787 -0.00820045 -0.0167778 -0.0109393 YRI
NA18871 NA18871 0.00268045 0.054833 -0.0312947 0.0210265 -0.0452336 0.0363971 0.0202406 0.0517158 0.0142975 0.016185 YRI
NA18873 NA18873 0.00194906 0.00711553 -0.0323213 -0.0402879 -0.0105755 0.0346697 -0.0424916 -0.0696111 0.00400774 -0.0816766 YRI
NA18874 NA18874 -0.0202165 0.0486297 -0.0224268 -0.00465152 0.0278977 0.0304925 -0.0432734 -0.0695718 0.0992296 -0.010585 YRI
NA18876 NA18876 0.00432977 0.060331 0.0025805 0.0474616 0.0581163 0.0310361 0.000962065 -0.042173 -0.0348321 0.0474823 YRI
NA18877 NA18877 -0.0225064 0.0534413 -0.034512 0.0361631 0.0550828 0.00599985 0.0134864 0.0600256 -0.0032495 0.0218575 YRI
NA18878 NA18878 0.00149043 0.0533816 0.0624766 -0.0579349 -0.0185421 0.0614206 -0.0985628 0.037085 -0.0265526 -0.0313421 YRI
NA18879 NA18879 -0.0170957 0.0183819 -0.0534192 0.0438833 0.0669709 0.0130519 -0.0545582 -0.0384846 0.0476261 0.0742325 YRI
NA18881 NA18881 0.00363405 0.0250039 0.0613533 -0.0309079 0.00153542 0.0171497 -0.0525929 -0.0246283 -0.00866055 -0.0278282 YRI
NA18907 NA18907 -0.0253944 0.0320759 0.0300542 -0.0773479 -0.0786726 0.0668471 -0.0439943 -0.0114529 -0.0132275 0.0522445 YRI
NA18908 NA18908 -0.0099693 0.0684068 -0.0631953 -0.0158807 -0.0468924 0.0194337 -0.0180102 0.0892192 -0.125044 0.0505153 YRI
NA18909 NA18909 -0.0036392 0.0605912 -0.00948543 0.00746092 -0.0405167 0.0756005 -0.059157 0.0564351 -0.0754843 0.025769 YRI
NA18910 NA18910 0.00384001 0.0370697 -0.0586206 -0.00768451 0.0217323 0.0555984 0.000832896 0.0733722 0.0315127 -0.00508088 YRI
NA18912 NA18912 -0.016947 0.0420223 -0.0677248 0.0622824 0.0312049 -0.0894319 0.043473 0.0380848 -0.0517197 0.0103473 YRI
NA18915 NA18915 -0.0141115 0.0443429 -0.019208 0.0215073 0.0729216 0.031992 -0.00989233 -0.0365403 0.0219662 0.0674489 YRI
NA18916 NA18916 -0.0124772 0.0465407 -0.00672494 0.0342607 -0.0173964 0.0837348 0.079551 0.0108475 -0.0118213 -0.0587115 YRI
NA18917 NA18917 0.00487744 0.00100209 -0.0686475 0.0400763 -0.0710153 -0.0395256 0.022169 0.0479302 -0.0566817 0.0288424 YRI
NA18923 NA18923 -0.0337653 0.0704948 0.02377 -0.00714435 -0.0170094 0.036779 -0.0390616 -0.0114577 0.0492299 0.0392674 YRI
NA18924 NA18924 -0.024375 0.0621401 -0.00489162 0.0628875 -7.35379e-05 -0.000161219 0.0857474 -0.0194926 -0.0472542 -0.10408 YRI
NA18933 NA18933 -0.0434404 0.0503529 0.0133184 -0.0942915 -0.0308717 0.0533635 -0.0381758 0.100855 0.018578 -0.0779862 YRI
NA18934 NA18934 -0.0155015 0.0450883 0.0231196 -0.0218586 0.0112745 -0.0276222 -0.0539178 -0.0377699 0.0525063 0.0513824 YRI
NA19017 NA19017 -0.0545077 -0.0820304 0.0313378 0.0075346 0.0120931 0.0554433 -0.0178038 -0.00928269 0.0681012 -0.000834506 LWK
NA19019 NA19019 -0.0730975 -0.0460206 0.0539888 -0.0388891 0.0313008 -0.00134377 0.0215598 -0.00387633 0.0747406 0.152786 LWK
NA19020 NA19020 -0.0511597 -0.0222618 0.0425646 -0.0534082 0.00990162 -0.065738 0.0743417 0.00832991 0.00932989 0.0800385 LWK
NA19023 NA19023 -0.0660546 -0.0715134 -0.00467986 0.038619 -0.00980426 -0.0567442 -0.076635 0.0608116 -0.0309455 0.0974457 LWK
NA19024 NA19024 -0.0582532 -0.0311422 -0.0527014 0.0319624 -0.00336242 0.0546692 0.0204235 -0.0310411 -0.0595677 0.0597682 LWK
NA19025 NA19025 -0.0546201 -0.0297114 -0.026836 0.0223185 -0.0404161 -0.0897682 0.0421758 -0.0609817 -0.0551546 -0.0626066 LWK
NA19026 NA19026 -0.0423941 -0.0363655 -0.0419317 0.0106521 0.0258996 0.0311637 0.0834964 -0.013309 0.0102723 -0.0561386 LWK
NA19027 NA19027 -0.0774443 -0.0945817 0.0107142 0.0310648 0.00124194 -0.0257607 0.00503437 0.125788 0.0169764 0.0567257 LWK
NA19028 NA19028 -0.0554353 -0.0703352 -0.0365301 -0.0079504 0.0465569 0.0187016 -0.0304692 -0.00738865 -0.0253994 -0.0299814 LWK
NA19030 NA19030 -0.0464592 -0.0575917 0.00632236 0.0293826 -0.0726578 -0.00419227 -0.0305367 0.0207294 -0.0228492 0.0426544 LWK
NA19031 NA19031 -0.0383574 -0.0330005 -0.0224318 -0.0521895 0.0656131 -0.043091 0.00266627 -0.0151215 0.0180281 -0.0125244 LWK
NA19035 NA19035 -0.060604 -0.0592556 0.0156431 0.0675336 -0.0278759 -0.00202799 -0.0518907 0.0102913 -0.108747 0.001885 LWK
NA19036 NA19036 -0.0668804 -0.0512008 0.019624 -0.0722485 0.0308999 0.0635426 0.0215385 0.0488525 -0.0406333 0.0100998 LWK
NA19037 NA19037 -0.059924 -0.0395989 0.0319686 -0.0446664 -0.0327761 -0.0368256 -0.0856639 0.0395299 -0.0667085 -0.0291741 LWK
NA19038 NA19038 -0.0750643 -0.0539947 0.00636914 0.00838159 0.048889 0.0122411 -0.036824 -0.00628992 0.0214212 0.0200106 LWK
NA19041 NA19041 -0.0681538 -0.0622442 -0.00689163 0.00964178 0.0218907 0.0607541 0.00327232 -0.00929903 0.000432488 -0.0371097 LWK
NA19042 NA19042 -0.0535884 -0.108561 0.00163675 0.0649383 0.0345255 -5.57839e-05 -0.00484528 0.0375751 -0.00157133 0.0765413 LWK
NA19043 NA19043 -0.0298982 -0.0744 0.0310722 -0.0804092 -0.00456105 -0.0552722 0.0303494 0.0421121 -0.0213202 -0.00777233 LWK
NA19092 NA19092 -0.00545813 0.0569991 0.0346278 -0.0642819 -0.030672 -0.0273655 0.0567239 0.0441897 0.0357096 -0.0169641 YRI
NA19093 NA19093 -0.0201553 -0.00695657 -0.0528541 -0.00886022 0.038951 0.0765854 -0.0457988 -0.0132955 0.0175054 -0.026389 YRI
NA19095 NA19095 -0.00684839 0.0227412 0.0182678 0.0324689 0.0669993 -0.0100166 0.0156317 -0.00719686 -0.00166004 0.0279298 YRI
NA19096 NA19096 -0.0415565 0.0536787 -0.00803291 -0.0212014 0.0206116 -0.0415956 -0.00182833 -0.00378163 -0.0161267 0.0353961 YRI
NA19098 NA19098 -0.00396719 0.0257867 0.0693213 0.0188752 -0.0355338 0.038746 -0.0208494 0.00391218 0.00103304 0.0554166 YRI
NA19099 NA19099 -0.00777517 0.0340695 0.00879666 0.0765776 -0.0142505 -0.0130019 -0.0700192 -0.0474261 0.0560221 -0.0276194 YRI
NA19102 NA19102 0.00990125 0.0375681 0.012064 -0.0514289 -0.0598178 0.00229301 0.0231234 -0.0288255 -0.00295504 0.0801608 YRI
NA19107 NA19107 -0.0401452 0.0705522 -0.0270433 -0.00209949 0.0275497 -0.0195866 -0.0648181 -0.00869164 0.0383403 -0.048291 YRI
NA19108 NA19108 -0.0144295 0.0725041 -0.0800109 0.00280699 0.0412439 0.0529211 0.0425893 0.0611209 0.0527455 0.0493401 YRI
NA19113 NA19113 -0.0183939 0.0585145 0.0523777 -0.00617265 0.0762859 0.00721001 -0.0129726 -0.00778057 -0.0439895 -0.0684493 YRI
NA19114 NA19114 -0.00227486 0.056728 0.0214981 -0.0590104 0.0676845 0.0718917 0.0605517 0.0741445 -0.00834165 -0.000752756 YRI
NA19116 NA19116 -0.0199076 0.059861 -0.0469344 0.0609876 -0.0536693 -0.0113235 0.035759 -0.0237858 0.049669 0.0389668 YRI
NA19117 NA19117 -0.0161813 0.0668681 -0.0317917 -0.0455147 -0.0047022 0.0104947 -0.0413117 0.0420616 0.00945181 0.0191032 YRI
NA19118 NA19118 -0.00396316 0.00489037 0.0680388 0.0134117 0.0394196 0.0314554 0.0402232 0.0404952 -0.00705666 -0.0162852 YRI
NA19119 NA19119 0.00268322 0.0559938 0.0492279 0.00689434 -0.0115006 0.041879 -0.0842664 -0.0711071 0.0135025 0.0521763 YRI
NA19121 NA19121 -0.0118275 0.0262204 0.00506689 -0.0114239 0.0588146 0.000811316 -0.00919851 -0.00469295 0.0092479 0.0510551 YRI
NA19129 NA19129 0.0117816 0.0124727 -0.0175153 -0.061729 0.000817983 0.0336723 -0.0948182 0.0377529 0.0239329 -0.0370649 YRI
NA19130 NA19130 -0.014876 0.0337664 0.000845968 0.0573983 -0.00211921 0.017237 0.0364801 0.0212584 -0.0656569 -0.115577 YRI
NA19131 NA19131 -0.00236933 0.0716157 -0.057262 0.0957525 0.000811241 -0.101163 0.0183579 -0.0907238 -0.0987475 -0.0728836 YRI
NA19137 NA19137 -0.00235773 0.0457731 -0.00372863 -0.0178211 0.0112666 0.00180445 -0.00468824 0.073435 -0.0368347 -0.0673022 YRI
NA19138 NA19138 0.00530574 0.0336937 -0.00308327 0.0264262 0.0035553 0.00500655 0.0341874 0.00218955 -0.0187389 -0.0195516 YRI
NA19141 NA19141 -0.0229438 0.0646167 0.0516139 0.0140508 0.0229592 -0.0120248 0.0582455 0.0920636 -0.028312 -0.0065785 YRI
NA19143 NA19143 -0.0183436 0.0512832 0.0617309 0.0724753 -0.0185184 -0.05094 0.0421586 -0.0443255 -0.0132035 -0.0212536 YRI
NA19144 NA19144 -0.0318004 0.0603017 -0.0534603 0.0159273 -0.00803893 -0.0266788 -0.00818052 -0.0011958 0.00973559 0.0124615 YRI
NA19146 NA19146 -0.00802816 0.0503672 -0.00696337 -0.0088722 -0.0161622 0.011306 -0.0433133 0.0655796 -0.022344 -0.0594623 YRI
NA19147 NA19147 -0.0188098 0.0167975 -0.04355 -0.00512512 0.00786204 0.0252379 0.0183732 -0.00935145 -0.0363229 -0.0428735 YRI
NA19149 NA19149 -0.00940631 -0.00547639 0.0269505 0.023452 0.00430697 0.00733511 -0.0378614 -0.0954604 -0.00332332 0.0273546 YRI
NA19152 NA19152 0.0065038 0.0366349 -0.0183837 0.00311328 0.0476511 -0.0116406 0.0523206 0.135606 0.00103062 -0.0406061 YRI
NA19153 NA19153 -0.0163326 0.0439337 0.0490976 -0.0654804 0.0467893 0.0257911 0.0191442 -0.0146396 -0.0872428 -0.0798824 YRI
NA19159 NA19159 -0.0159724 0.0596709 -0.046061 -0.0300522 0.0145973 -0.0224548 -0.0198533 -0.0149271 0.0411987 -0.0457017 YRI
NA19160 NA19160 -0.0120758 0.0711317 0.014907 -0.0215292 0.0179944 -0.0544154 -0.004415 0.0471927 0.0205784 -0.0315792 YRI
NA19171 NA19171 -0.0178462 0.02154 -0.0162481 0.0524628 0.0192433 0.026181 0.0392903 0.00300326 -0.0328837 0.0161813 YRI
NA19172 NA19172 -0.0305011 0.0497954 0.060863 0.0185625 0.0426823 -0.0381793 0.00214357 -0.0723247 -0.0772775 0.0144061 YRI
NA19175 NA19175 0.00927619 0.0161359 0.0295601 0.00433623 -0.0799261 -0.0419267 0.0993265 0.0130332 -0.0389458 -0.00759212 YRI
NA19184 NA19184 -0.0405334 0.0464304 -0.00623314 -0.0594986 -0.0509349 -0.0646428 -0.0532512 -0.0234815 -0.000688707 -0.0555643 YRI
NA19185 NA19185 -0.00370976 0.0448587 -0.0567181 -0.0215608 0.0530275 0.000850286 -0.0580831 0.0914808 -0.0186983 0.00204394 YRI
NA19189 NA19189 -0.0157028 0.0409355 -0.0313518 -0.00623841 -0.00677809 0.00658395 -0.0265275 0.0120117 -0.00920907 0.0234693 YRI
NA19190 NA19190 0.0141199 0.0385129 -0.041852 -0.0206622 -0.0761302 -0.00385176 -0.00870943 0.00264043 0.0162607 0.0405895 YRI
NA19197 NA19197 -0.00973908 0.0600325 0.0423277 0.0151837 0.00552725 -0.00979021 -0.00744154 -0.104085 0.0239593 -0.0884159 YRI
NA19198 NA19198 -0.00393198 0.0463601 0.0438939 -0.053436 -0.0248321 -0.00273702 -0.0506125 0.0319618 0.0481925 -0.0746658 YRI
NA19200 NA19200 -0.0128154 0.0327298 0.0292608 -0.0128019 0.0215121 0.018628 0.0275027 0.0328546 0.0323926 -0.0665284 YRI
NA19201 NA19201 -0.0181392 0.0191481 0.00530901 0.0461509 -0.0520816 0.0641845 -0.00349867 0.017379 -0.0161413 -0.0313734 YRI
NA19204 NA19204 -0.0163095 0.0864021 0.0191132 -0.0164764 0.00298431 -0.0115566 0.0570523 -0.021915 0.0281599 -0.0268911 YRI
NA19206 NA19206 -0.012404 0.059425 0.0506185 0.0386789 -0.0398165 0.055307 -0.0171929 -0.00468274 0.0257044 -0.0518529 YRI
NA19207 NA19207 -0.00713865 0.0587825 -0.00193087 0.0165397 -0.0360938 -0.0736193 -0.0450537 0.0381488 -0.0287975 0.00115535 YRI
NA19209 NA19209 -0.0352757 0.0317423 0.0182951 -0.0697531 -0.0659429 -0.0117109 -0.0193822 -0.00354418 0.0568946 -0.00395315 YRI
NA19210 NA19210 0.0100696 0.0284015 -0.00813062 0.0308917 0.0242328 0.0675579 -0.0604894 -0.0112514 0.0318781 0.0339552 YRI
NA19213 NA19213 -0.00924375 0.0642369 -0.0124575 0.00415086 0.0291371 0.0610841 0.0467199 0.0903567 0.0412323 -0.0412201 YRI
NA19214 NA19214 -0.0164329 0.0423489 -0.0693251 0.0613077 -0.00129725 -0.0248903 0.0356276 0.0129381 0.00434282 -0.0359423 YRI
NA19222 NA19222 -0.00516612 0.0184774 0.0282842 0.0334099 0.0350883 -0.00755582 0.0183799 -0.0157384 -0.0109099 0.0734263 YRI
NA19223 NA19223 0.0170965 0.0122258 0.0187251 0.00961224 0.00359255 0.0156724 0.00421038 -0.0525251 -0.0514069 -0.0885303 YRI
NA19225 NA19225 0.0107187 0.0851419 -0.07842 -0.0698397 0.00385946 0.0364537 -0.0945583 0.00293649 -0.0312914 -0.00704433 YRI
NA19235 NA19235 0.00591951 0.0587454 -0.00595797 -0.0503431 0.080077 0.0525356 0.0234903 0.0978179 -0.0584583 0.000937135 YRI
NA19236 NA19236 -0.0254322 0.00168407 -0.00177478 0.00139543 -0.0955625 0.0214875 -0.113397 0.0133194 -0.0631002 -0.0371801 YRI
NA19238 NA19238 -0.00631389 0.0497692 -0.0680908 -0.0674815 0.0140551 0.0597066 -0.0169123 -0.00690263 0.0425268 -0.0437035 YRI
NA19239 NA19239 -0.00552932 0.046912 0.0395559 0.0446977 -0.000759619 0.0443142 0.0727226 0.0119384 -0.0335394 0.00633821 YRI
NA19247 NA19247 -0.0308817 0.0403045 -0.0231512 0.101113 0.0248532 -0.0089509 0.0399141 -0.0430506 -0.122264 0.011405 YRI
NA19248 NA19248 0.000664406 -0.0012979 -0.018072 0.0523597 0.0404915 0.0904983 -0.0139844 0.0183758 0.044005 -0.104655 YRI
NA19256 NA19256 0.0266372 0.0264542 -0.0229589 -0.0164353 0.0245794 0.0444968 -0.00453064 -0.0476254 0.0217245 -0.047906 YRI
NA19257 NA19257 -0.0118889 0.06124 0.0531921 0.015367 -0.0596612 -0.00859111 0.0103035 0.0304363 -0.0185206 0.0327671 YRI
NA19307 NA19307 -0.0797377 -0.101836 0.183625 -0.0293327 0.0347271 0.00261416 0.0391213 -0.0616462 -0.147915 -0.00734631 LWK
NA19308 NA19308 -0.0824052 -0.0239168 -0.0274152 -0.00457743 -0.00645206 -0.0102201 -0.0471032 -0.0478159 0.0933696 0.0321852 LWK
NA19309 NA19309 -0.0572188 -0.0458631 0.0244429 -0.0689018 0.0534956 -0.0279612 -0.0564338 -0.0597548 0.0438525 -0.0447928 LWK
NA19310 NA19310 -0.0460967 -0.0412518 -0.034328 0.0154449 0.00971203 0.0345719 -0.0213537 0.0336467 -0.0968384 -0.0285835 LWK
NA19312 NA19312 -0.0871842 -0.0937828 0.203441 -0.0667175 0.03563 -0.0318238 0.0367099 -0.03536 -0.137463 -0.0343353 LWK
NA19314 NA19314 -0.0378272 -0.0413535 -0.028723 -0.0362559 0.0157332 0.0378961 -0.02394 0.0212982 -0.034877 -0.0462748 LWK
NA19315 NA19315 -0.0902378 -0.0638123 0.0535877 -0.0165203 -0.0299752 -0.0579375 0.0661266 0.0384128 0.0650647 0.00325663 LWK
NA19316 NA19316 -0.0589786 -0.0473311 -0.0519561 -0.00840746 -0.0231156 0.0402166 0.0258149 -0.0101684 0.0486347 -0.0151113 LWK
NA19317 NA19317 -0.0483645 -0.0380304 -0.0323807 0.0364953 -0.0539481 0.0174069 -0.0143365 -0.0729731 0.0194404 -0.0679939 LWK
NA19318 NA19318 -0.0979012 -0.0537006 -0.0617654 -0.0212012 0.0374136 -0.00738387 0.0144281 0.0597588 0.0539707 -0.0425945 LWK
NA19319 NA19319 -0.0590584 -0.0434915 0.017074 -0.0467042 -0.0100823 -0.0350218 0.0517626 -0.0417252 0.0190213 0.0293659 LWK
NA19320 NA19320 -0.0836912 -0.0837204 0.0503504 0.0336896 -0.093974 0.0416913 0.0120679 0.0813798 0.162471 -0.163521 LWK
NA19321 NA19321 -0.0542756 -0.0361982 -0.0224241 -0.0202181 -0.00344651 0.0293011 -0.00855512 0.0673093 0.000405966 -0.0057922 LWK
NA19323 NA19323 -0.0458551 -0.0271036 -0.0374436 0.0294777 -0.0033552 -0.0547615 0.0102354 -0.0155615 0.0212728 -0.0749289 LWK
NA19324 NA19324 -0.0783469 -0.047715 -0.0180232 -0.0239966 -0.0474409 -0.0239634 -0.0128044 0.0812282 0.041443 -0.0233813 LWK
NA19327 NA19327 -0.0747571 -0.0482148 -0.00594791 -0.0307769 0.116769 0.0508467 -0.045626 0.010427 -0.039213 -0.0173054 LWK
NA19328 NA19328 -0.0532776 -0.0425572 -0.0517282 -0.0339919 0.00780554 -0.056036 -0.0193778 -0.096932 0.0484595 0.0908235 LWK
NA19331 NA19331 -0.0999567 -0.0204201 -0.261796 -0.21775 -0.137304 0.128244 0.248132 -0.165057 -0.0702023 0.087979 LWK
NA19332 NA19332 -0.059952 -0.0349705 0.00964949 0.0831197 -0.0163521 0.00791659 0.00659418 -0.00183201 0.029823 -0.00980334 LWK
NA19334 NA19334 -0.0988013 -0.0272975 -0.264921 -0.212253 -0.133055 0.125177 0.23629 -0.172529 -0.0762487 0.102565 LWK
NA19338 NA19338 -0.0705626 -0.0624893 0.0179002 0.0825834 -0.0261939 -0.018108 0.017725 -0.0204227 -0.111295 -0.0140664 LWK
NA19346 NA19346 -0.0722337 -0.0616687 -0.0212933 0.0443583 -0.0326393 -0.0270139 -0.0025177 -0.00174307 0.0353048 -0.0289463 LWK
NA19347 NA19347 -0.0778151 -0.0730347 0.0882055 -0.00880315 -0.0136725 0.0262878 0.0522043 0.055785 0.0501574 -0.126279 LWK
NA19350 NA19350 -0.0430395 -0.0740159 0.00570406 0.0598491 0.0428755 0.0471459 0.0166174 -0.00736415 0.00434389 0.0149865 LWK
NA19351 NA19351 -0.0730909 -0.040967 -0.025907 0.00162652 0.00908653 0.0284313 -0.0154222 0.104124 -0.0174578 -0.0313209 LWK
NA19355 NA19355 -0.0745716 -0.0601898 0.0549372 -0.0540713 0.0259468 0.0401054 0.022036 -0.0591676 -0.0153996 -0.044653 LWK
NA19360 NA19360 -0.0881658 -0.0877112 0.125543 -0.0801937 0.0268344 -0.0233748 0.0445292 -0.0906882 -0.0833017 -0.0880826 LWK
NA19372 NA19372 -0.077816 -0.0728037 -0.0590534 0.0292439 -0.0116395 -0.0841773 -0.0544549 0.00524205 0.0734528 -0.0708628 LWK
NA19374 NA19374 -0.0548711 -0.0636495 -0.0302479 0.0236582 0.0169914 -0.0101425 -0.00269077 0.0563425 -0.0337889 0.0909415 LWK
NA19375 NA19375 -0.0939361 -0.0679446 0.0733253 0.0203106 -0.0314724 0.00351632 -0.0134923 0.0193258 -0.0430705 0.0448268 LWK
NA19376 NA19376 -0.0648109 -0.0855199 -0.0734054 0.0726297 0.13657 0.030413 -0.035472 0.0164049 0.00662694 0.0837675 LWK
NA19377 NA19377 -0.057096 -0.038476 0.0695356 -0.0055649 -0.0964186 -0.0414506 -0.00349482 0.00571876 -0.0171547 -0.0332653 LWK
NA19378 NA19378 -0.0612114 -0.0477635 -0.0322357 -0.00773535 0.0274733 0.0468149 -0.0246408 -0.0205322 -0.000782173 0.0133436 LWK
NA19379 NA19379 -0.0517037 -0.0359965 -0.0273788 -0.0069951 -0.0774696 -0.119162 -0.0279988 0.0269907 -0.014199 0.0709373 LWK
NA19380 NA19380 -0.076997 -0.0645681 0.0131282 0.0294092 0.0078648 -0.00935944 -0.0197713 0.0770222 -0.0434368 -0.0709865 LWK
NA19383 NA19383 -0.0539764 -0.0624866 -0.0372824 0.0474459 0.0977492 -0.0278535 0.0385886 -0.0241198 -0.0743943 -0.0493173 LWK
NA19384 NA19384 -0.0623053 -0.00378416 -0.0744627 0.0209847 -0.052102 -0.10952 0.0581767 -0.0524505 -0.0965425 -0.00112806 LWK
NA19385 NA19385 -0.0747517 -0.0646533 -0.00850938 -0.0213923 0.0171646 0.0328992 0.0161462 -0.0591479 0.0181132 -0.0119518 LWK
NA19390 NA19390 -0.0643529 -0.0314003 -0.047506 0.0567984 -0.0898812 -0.0622417 -0.0159523 -0.0107462 0.0122379 -0.00358259 LWK
NA19391 NA19391 -0.0637268 -0.0218235 -0.0557806 0.0210032 -0.00493706 -0.0349832 0.0345932 0.101507 0.0145559 -0.00295543 LWK
NA19393 NA19393 -0.0893654 -0.0712919 0.0294015 0.0183609 0.0230601 0.0556018 -0.00962462 0.0445365 0.028701 -0.0617567 LWK
NA19394 NA19394 -0.0753845 -0.0637683 0.0501526 0.059773 -0.0303551 -0.0392107 0.099345 0.00951775 0.00826682 -0.0754825 LWK
NA19395 NA19395 -0.0755688 -0.0363821 0.0525127 -0.0137339 -0.0689966 -0.0184768 -0.000617465 0.0555704 0.0187352 -0.060285 LWK
NA19397 NA19397 -0.069788 -0.069564 -0.0178512 0.00674424 0.138502 -0.0040199 -0.00703848 -0.0101795 0.0018333 0.137624 LWK
NA19399 NA19399 -0.0427868 -0.0281344 -0.0638893 0.0607879 -0.0195908 0.00955225 -0.0308094 0.0508309 -0.0397578 0.00729477 LWK
NA19401 NA19401 -0.0516827 -0.0153724 -0.0367952 0.048072 0.0267205 -0.0608314 0.0435835 0.016068 0.0265078 0.0159467 LWK
NA19403 NA19403 -0.0574123 -0.06395 -0.0612109 0.0655932 -0.0261056 -0.0428038 0.0743971 -0.0163739 0.0212538 -0.0305393 LWK
NA19404 NA19404 -0.0690063 -0.0438933 0.00588032 0.0532908 0.0227747 -0.0237604 0.0489601 0.00508033 -0.0282945 -0.0492266 LWK
NA19428 NA19428 -0.0865055 -0.0899989 0.0315207 0.00270533 0.0492721 0.00256621 0.00757125 -0.0259066 -0.0606487 -0.0479474 LWK
NA19429 NA19429 -0.0601743 -0.0220797 -0.0349248 0.0833142 0.0269787 0.0556277 -0.0652812 -0.0913954 0.0644616 0.0649655 LWK
NA19430 NA19430 -0.0540681 -0.0650309 -0.0638187 0.0279623 -0.00192839 -0.0160196 0.00117183 -0.0028253 -0.0706287 -0.0292585 LWK
NA19431 NA19431 -0.0735047 -0.0294375 0.00796248 0.0392206 0.057885 -0.0207187 -0.0446787 0.0418128 0.0304249 0.106542 LWK
NA19434 NA19434 -0.0753207 -0.040268 0.0969813 -0.0398549 -0.0182473 -0.0428529 0.0169415 -0.0183364 0.102515 0.0425312 LWK
NA19435 NA19435 -0.0869329 -0.0817682 -0.0245992 0.0053925 0.0260908 -0.0384918 -0.0262285 0.0371492 0.0707073 0.0386551 LWK
NA19436 NA19436 -0.0736318 -0.0486155 0.0327647 -0.0503447 0.0662959 0.0344632 -0.0295384 -0.0627319 -0.00488093 -0.0302269 LWK
NA19437 NA19437 -0.0636455 -0.0460297 0.0149647 -0.0276497 0.0106438 0.0115538 0.0318398 -0.0689233 0.036672 0.00107728 LWK
NA19438 NA19438 -0.090907 -0.0620009 0.0889582 -0.06983 -0.0440868 -0.0175761 -0.0932198 0.0432416 -0.0379618 0.0601811 LWK
NA19439 NA19439 -0.0845742 -0.0470918 -0.0308699 -0.029319 -0.0196528 -0.020625 -0.00305466 -0.0300639 0.0105554 0.0206938 LWK
NA19440 NA19440 -0.0326985 -0.052046 0.0353358 0.0236343 -0.0444462 0.0187906 0.00361236 0.0858717 0.0945341 -0.0216992 LWK
NA19443 NA19443 -0.0693086 -0.0417943 0.0313046 0.00392232 -0.0842936 -0.0612945 -0.079156 0.0198108 -0.0302734 0.0408463 LWK
NA19445 NA19445 -0.0690037 -0.0574391 -0.0140612 -0.0231131 0.00791876 -0.0405151 -0.00923083 -0.0288743 0.0129945 0.0370141 LWK
NA19446 NA19446 -0.0838997 -0.0606363 -0.0077874 0.00979067 -0.0550699 -0.0613132 -0.0704134 -0.00763074 0.0151716 0.0626648 LWK
NA19448 NA19448 -0.0381031 -0.0930223 -0.0279544 -0.00181941 0.0273981 0.0395005 -0.0731092 0.00132176 -0.0100245 -0.00646074 LWK
NA19449 NA19449 -0.0736827 -0.0421967 -0.0197792 -0.0703343 0.0102483 -0.0115272 -0.0501363 0.0827312 0.00763659 0.0149525 LWK
NA19451 NA19451 -0.0542643 -0.0505318 0.0115924 0.0662909 -0.130284 0.0788137 -0.0373521 0.04889 0.176147 -0.074375 LWK
NA19452 NA19452 -0.0580681 -0.0371758 0.0672 0.0746175 -0.0849716 0.0491342 -0.0327566 0.0607622 0.140792 -0.0479771 LWK
NA19454 NA19454 -0.045096 -0.0526197 -0.0237489 -0.0597996 0.0929378 -0.0327718 -0.00202012 -0.0475581 -0.0110513 -0.0447491 LWK
NA19455 NA19455 -0.0681866 -0.078536 0.0189852 -0.0653338 -0.0162439 0.0413905 -0.0310839 -0.0173371 0.0852845 -0.00671253 LWK
NA19456 NA19456 -0.059371 -0.0569649 -0.0787926 0.0128509 0.0590129 -0.0246004 0.00122462 -0.022774 0.0564122 0.0253541 LWK
NA19457 NA19457 -0.0624839 -0.0246863 -0.0495334 0.0836443 0.00113659 0.023726 0.00980157 0.0476492 0.0551847 0.00766139 LWK
NA19461 NA19461 -0.0557817 -0.0563774 0.0144082 -0.0342652 0.0339824 -0.00236709 -0.0242921 0.0536741 0.0316169 -0.0451918 LWK
NA19462 NA19462 -0.0805569 -0.0541352 -0.0445257 -0.00539321 0.0406322 0.0222322 -0.0635553 -0.0390488 0.0386346 0.045335 LWK
NA19463 NA19463 -0.0644652 -0.0524463 -0.0317742 0.0386283 -0.0446498 0.004938 -0.0293686 0.0286784 -0.046616 0.00619007 LWK
NA19466 NA19466 -0.0693648 -0.0641698 -0.0183599 -0.03819 0.0313136 -0.0138017 0.00752348 0.0555415 0.0180941 0.0387271 LWK
NA19467 NA19467 -0.0374188 -0.0477948 0.005055 0.0415837 -0.0206085 -0.0287842 -0.0149821 -0.039276 0.00388007 -0.0589432 LWK
NA19468 NA19468 -0.0708569 -0.0621862 0.0290343 0.0419654 0.0360202 0.0109336 0.0376081 0.00850097 -0.0321142 -0.0424521 LWK
NA19471 NA19471 -0.0824747 -0.072364 -0.0105693 -0.0641348 0.0140555 0.0679331 0.0651081 -0.0646485 -0.0509818 0.00384693 LWK
NA19472 NA19472 -0.0544894 -0.0444099 -0.0509619 -0.0233626 -0.0815372 -0.0329658 0.0567508 -0.0247365 0.0432913 0.00100067 LWK
NA19473 NA19473 -0.0540629 -0.0267906 -0.0517054 0.0293604 -0.0517529 -0.0194233 0.00348375 0.0146098 0.0165343 0.0454289 LWK
NA19474 NA19474 -0.0612879 -0.048229 -0.026411 0.0422656 0.0308661 0.00611457 -0.0155145 0.0244339 -0.0368282 -0.0162138 LWK
NA19475 NA19475 -0.0619253 -0.0171491 0.0580045 0.0171867 0.0533068 0.018551 -0.0494045 -0.0564637 0.0366642 0.0424982 LWK
